0.994480770453905
0.977819807206890
0.949958422438608
0.910971840152874
0.861075009450407
0.800626809412516
0.730132462483091
0.650243987350029
0.561758540738310
0.465614520325111
0.362885328183930
0.254770725683382
0.142585746434535
0.0277471734217469
-0.0882423705203693
-0.203812623707885
-0.317346034528422
-0.427200064706947
-0.531731202535977
-0.629320391049837
-0.718399526700279
-0.797478637023260
-0.865173302280128
-0.920231847365870
-0.961561797682962
-0.988255067460359
-0.999611332400116
-0.995159031740715
-0.974673448917716
-0.938191335922484
-0.886021574976481
-0.818751412806095
-0.737247857924505
-0.642653899919513
-0.536379291508951
-0.420085728411807
-0.295666367880836
-0.165219742657104
-0.0310182513578428
0.104528463267653
0.238914802716277
0.369584587417479
0.493979804987394
0.609591892741288
0.714014598051268
0.804997356230302
0.880498038671485
0.938733857653874
0.978229172040440
0.997858923238604
0.996886446050486
0.974994446650701
0.932308021479501
0.869408707143638
0.787338702419428
0.687594588134967
0.572110087024385
0.443227650474123
0.303658928203388
0.156434465040230
0.00484326973910894
-0.147636793047520
-0.297416533093494
-0.440879340738658
-0.574469651186643
-0.694783908357674
-0.798661768421145
-0.883275130643942
-0.946212487947823
-0.985556059058078
-0.999949204523357
-0.988651744737914
-0.951580992011196
-0.889336581106805
-0.803207531480645
-0.695160395052440
-0.567807828413006
-0.424357467855122
-0.268541566834072
-0.104528463267653
0.0631824388574605
0.229879881929701
0.390771292718496
0.541121252126877
0.676394050324054
0.792396121707641
0.885413907472077
0.952342576279833
0.990801059457857
0.999229036240723
0.976961842263997
0.924279771017705
0.842428887894921
0.733611268449802
0.600943489073105
0.448383216090037
0.280624829247319
0.102966143613125
-0.0788505781895767
-0.258819045102522
-0.430865508016392
-0.589055327542113
-0.727802681435232
-0.842076058772691
-0.927591935255723
-0.980989040697710
-0.999975934368434
-0.983445204995330
-0.931548507325336
-0.845727821703973
-0.728699750200384
-0.584391303119174
-0.417827432255867
-0.234972470325422
-0.0425295690765527
0.152295885497641
0.342061144825548
0.519369972768449
0.677164982133991
0.809016994374945
0.909399512019899
0.973936394329063
0.999611332400116
0.984928742308308
0.930017223684013
0.836668732903672
0.708309037592744
0.549897772224841
0.367759401937155
0.169349503849026
-0.0370361412135574
-0.242599230795404
-0.438410363660278
-0.615798999769812
-0.766745159728560
-0.884255160376071
-0.962703552681908
-0.998124128239274
-0.988434410605913
-0.933580426497204
-0.835591696171356
-0.698540186739258
-0.528401290841314
-0.332819544522989
-0.120786571217735
0.0977565982213482
0.312376368565147
0.512642407173878
0.688639376459351
0.831469612302544
0.933721085273363
0.989875563477315
0.996633810627410
0.953137879773768
0.861075009450408
0.724653130187046
0.550444312451072
0.347099338787567
0.124943621378196
-0.104528463267651
-0.329237477104733
-0.537152400587903
-0.716941026534208
-0.858602214280256
-0.954044402406280
-0.997576209867407
-0.986278399037998
-0.920231847365871
-0.802583276333976
-0.639439001980589
-0.439586481338572
-0.214053429013967
0.0244757983357118
0.262357601798282
0.485763393716337
0.681487612701520
0.837742544016159
0.944891787468337
0.996075897317595
0.987688340595138
0.919667355976276
0.795579233666744
0.622480488322322
0.410559713862129
0.172573815955156
-0.0768930454908514
-0.322307000289852
-0.548147261700585
-0.739895329337641
-0.884987637463044
-0.973668500978802
-0.999684189283300
-0.960767053108593
-0.858870515509378
-0.700130811898524
-0.494548768138256
-0.255403572064098
0.00157079568083559
0.259198343321177
0.500000000000000
0.707384406840672
0.866809733209058
0.966834533607947
0.999980260856137
0.963338368101980
0.858870515509377
0.693370387642434
0.478078793588202
0.227968528972080
-0.0392598157590744
-0.304407146761873
-0.548147261700590
-0.752443648929040
-0.901907925858709
-0.984996587835042
-0.994951016981299
-0.930401575463541
-0.795579233666737
-0.600106143606740
-0.358367949545305
-0.0885031456104590
0.188924055984114
0.452473620888971
0.681487612701525
0.857728610000271
0.966867957574033
0.999700422774658
0.952979341517220
0.829793195109718
0.639439001980584
0.396787458622713
0.121176385829650
-0.165090640531332
-0.438528009265560
-0.676394050324057
-0.858602214280258
-0.969456052526200
-0.999055819384717
-0.944247151793274
-0.809016994374949
-0.604286271684673
-0.347099338787565
-0.0592628170902187
0.234463499068569
0.508477952422693
0.738573017346144
0.904101195804655
0.989875563477316
0.987626832768972
0.896872741532692
0.725103998878555
0.487250125725333
0.204453340499957
-0.0977565982213542
-0.391735010851954
-0.650243987350022
-0.848994744293061
-0.968972607187926
-0.998319134295657
-0.933580426497203
-0.780184814951569
-0.552082517436654
-0.270558440366631
0.0376901826699354
0.343044985272334
0.615798999769814
0.829061971159139
0.961453892845068
0.999313926773769
0.938191335922487
0.783449472741504
0.549897772224840
0.260462381704059
-0.0559957649292769
-0.367515936594718
-0.642252653176575
-0.851749796530486
-0.973936394329067
-0.995524931591726
-0.913545457642602
-0.735831221797150
-0.480376581013975
-0.173605207157170
0.152295885497643
0.462715917044348
0.724292211723333
0.908526409552563
0.994951016981300
0.973489154629417
0.845727821703974
0.624936133829151
0.334793807884396
0.00693762812335523
-0.322430911785799
-0.616520695250763
-0.842076058772689
-0.973188909664081
-0.994356475567692
-0.902416153446834
-0.707106781186549
-0.430156619209983
-0.102966143613118
0.236880537667642
0.549897772224836
0.799291513116866
0.955329958363340
0.998968589506013
0.924279771017701
0.739366746559165
0.465614520325116
0.135326496212634
-0.212007109922048
-0.534389230386219
-0.792396121707645
-0.954044402406276
-0.998839997508546
-0.920487803714487
-0.727892444455293
-0.444283399724085
-0.104528463267652
0.249070229697439
0.572002721225954
0.823161144608338
0.970126596490103
0.993447779019444
0.889336581106812
0.670394243517127
0.364226695891904
0.0100791057691413
-0.346117057077485
-0.657671118750890
-0.883275130643938
-0.992551468249737
-0.970253488161651
-0.818525882220901
-0.556875616488179
-0.219803638419172
0.147636793047507
0.495799741018720
0.777145961456967
0.952780801298164
0.997926866085528
0.905550288957577
0.687594588134960
0.373594970052523
0.00680673152056905
-0.361665250037900
-0.679953378722423
-0.902754276062892
-0.997858923238604
-0.950935092275920
-0.767836455530602
-0.474049790523804
-0.111295485287541
0.268289374636061
0.609591892741288
0.862535748274467
0.989500579087725
0.971040533161746
0.809016994374947
0.526622002793572
0.165219742657108
-0.221591046325889
-0.575861700985400
-0.843977046868199
-0.984838045336977
-0.976286562230833
-0.818751412806092
-0.535495186870912
-0.169349503849033
0.223632886612938
0.582690479668572
0.851749796530491
0.988255067460359
0.970031253194544
0.799055461536233
0.501472987330047
0.123774669452972
-0.274336872487829
-0.629320391049822
-0.883949317548430
-0.996623070670855
-0.948309809276007
-0.745941145424208
-0.421629382065056
-0.0277471734217854
0.371408348033505
0.710062491057919
0.931833804167259
0.999229036240724
0.900147787133301
0.650243987350040
0.290660444453154
-0.118577271676969
-0.508477952422688
-0.812694164433077
-0.978876310653397
-0.977819807206891
-0.808786109271806
-0.499999999999995
-0.104137907382854
0.310510528608602
0.671752912381848
0.916083009921896
0.999951808959328
0.907704256508112
0.654707832764841
0.285019262470023
-0.136104627726903
-0.533614515915611
-0.836022897673166
-0.988334944874700
-0.962206112146336
-0.761425177676226
-0.421629382065069
-0.00418877795540974
0.414732946812052
0.758020512009221
0.961848818923750
0.987688340595139
0.829793195109739
0.516682767797667
0.106220685057617
-0.324907978680428
-0.695442635009605
-0.934887640014391
-0.997049403778700
-0.869149881167192
-0.574683921072305
-0.169349503849048
0.269298032925644
0.656585755752945
0.917077472222486
0.999384720686287
0.886506615944757
0.599582468445676
0.194191548791891
-0.250211026602097
-0.645757579946428
-0.913545457642579
-0.999494148321568
-0.885474742510701
-0.593383765921618
-0.181205763627157
0.268289374636046
0.664056717927565
0.925226274403419
0.997754957226849
0.865828987472657
0.555570233019603
0.130136842679079
-0.322926502500612
-0.709601481328508
-0.948931088341752
-0.990115665303290
-0.823532597628425
-0.483244183448773
-0.0403061842410792
0.411872234095329
0.777145961456965
0.977129155933817
0.968191325186675
0.751235334782951
0.372015950386996
-0.0882423705203697
-0.530067268476222
-0.857189772661571
-0.997612506361222
-0.919667355976279
-0.639439001980611
-0.217759982970001
0.252744885209493
0.667865031553128
0.934887640014380
0.993447779019448
0.829427760784697
0.478653548250735
0.0193719428673440
-0.444986890077413
-0.809016994374928
-0.989329623353567
-0.943858622851821
-0.681966448088100
-0.262862823298820
0.217504458692254
0.648252804699459
0.929148703895366
0.994075323936008
0.826859780880826
0.465614520325119
-0.00562865711624523
-0.476238203667893
-0.834871881722134
-0.995900201817041
-0.920078084334619
-0.624425048846022
-0.178759284862732
0.310510528608581
0.725644631284158
0.965925826289065
0.972278171644196
0.742092841193047
0.330473211313401
-0.162637165194841
-0.616520695250738
-0.919204081089491
-0.995223141177212
-0.824718875860228
-0.448968137855825
0.0392598157590450
0.518362870180796
0.868112195148228
0.999925901775816
0.879565547384750
0.536379291508945
0.0565185344820290
-0.438410363660244
-0.822044670488784
-0.995598844086266
-0.913545457642616
-0.595909563315777
-0.123774669452957
0.381110716918392
0.787580748815297
0.989176509964776
0.932260671621702
0.630641945418561
0.162637165194906
-0.348940090211790
-0.768841832073427
-0.985176766594711
-0.939453616703566
-0.642754184080316
-0.173476293645129
0.343044985272290
0.767836455530571
0.985710819886602
0.936733297700454
0.633076937458028
0.156434465040244
-0.363617076744086
-0.784668186733388
-0.990515459445081
-0.923478280857685
-0.600943489073138
-0.111295485287530
0.409962832199323
0.817547124842444
0.996948067678585
0.896872741532704
0.544309647866585
0.0376901826699657
-0.480261769707474
-0.862601975623070
-0.999951808959328
-0.852092537724399
-0.460161046091757
0.0643581381390162
0.571035988210887
0.913545457642577
0.992065406571746
0.782716794232591
0.345257249186740
-0.193549468050812
-0.676394050324048
-0.961309789091221
-0.963618791817458
-0.681487612701544
-0.197272373558313
0.346117057077438
0.787177270699004
0.993845496974292
0.903316576177529
0.541561495484668
0.0163617316264965
-0.514439533781497
-0.890232680660002
-0.996360189081081
-0.799448812361349
-0.358367949545331
0.192907304399336
0.685691322174101
0.968158564345113
0.952342576279839
0.641951602562736
0.132083388495881
-0.419491691311523
-0.840944582298138
-0.999988271300336
-0.845727821703994
-0.425423933991406
0.129487882209787
0.644157005140611
0.955329958363328
0.963338368101986
0.664448112367843
0.152942716540907
-0.408171134543736
-0.838884382522049
-1
-0.838456624035277
-0.405301148025670
0.159924259484550
0.673786684219247
0.968420186534573
0.946592999723227
0.614250769225870
0.0795030219077249
-0.482097761775156
-0.884987637463015
-0.995016490462680
-0.774503060198757
-0.295666367880923
0.282508884415828
0.766745159728496
0.994075323935998
0.886990684749844
0.480376581014083
-0.0892854344137532
-0.629320391049802
-0.955908410463388
-0.956864306588473
-0.630641945418593
-0.0878511965508258
0.485763393716311
0.892664497832934
0.991665541671043
0.747334400366307
0.243234125161843
-0.346117057077433
-0.815355216055630
-0.999859635576779
-0.833861738479280
-0.374444763600840
0.217504458692203
0.733255346222491
0.989782453326836
0.895012224180546
0.481409512135880
-0.104528463267626
-0.653717824862814
-0.968972607187910
-0.936044182859906
-0.565542903589074
0.00981731933707451
0.582264874144568
0.943815372095718
0.962027671586103
0.629015158027805
0.0654031292301951
-0.522833355428922
-0.919410138580520
-0.977406672571946
-0.674173492543489
-0.120786571217803
0.478078793588130
0.899576837172307
0.985732861019881
0.703115518280874
0.156434465040281
-0.449669790085297
-0.886930229332507
-0.989519489399509
-0.717397145963216
-0.172573815955224
0.438528009265505
0.882968076579658
0.990170666273470
0.717852958082036
0.169349503849105
-0.444986890077390
-0.888136448813513
-0.987953114314862
-0.704510355775796
-0.146730474455410
0.468855034723830
0.901851378844011
0.981991701121006
0.676586852848598
0.104528463267740
-0.509379389094915
-0.922470722095091
-0.970285169518340
-0.632570161913169
-0.0425295690766081
0.565111004291680
0.947224266225102
0.949753769132092
0.570391059146850
-0.0392598157590019
-0.633684710121805
-0.972124923867547
-0.916345260168018
-0.487707298065455
0.140253232836176
0.711535677209252
0.991899985885265
0.865238937528268
0.382320596223177
-0.258819045102473
-0.793592339166649
-0.999998766299704
-0.791196849313543
-0.252744885209629
0.391735010851884
0.873007211547400
0.988749855395560
0.689113808387416
0.0989289846869379
-0.533614515915533
-0.941013718473189
-0.949753769132091
-0.554808126073260
0.0768930454907605
0.676394050324027
0.987024406397436
0.874598552496576
0.386067049717221
-0.269298032925621
-0.809016994374899
-0.999106308529870
-0.755967731484247
-0.183908461792299
0.468855034723836
0.917494496447469
0.964970719130207
0.589161101583017
-0.0460603900407904
-0.661606382252912
-0.985556059058075
-0.873581172209785
-0.373959205737919
0.292413431111024
0.829135157500747
0.996099033251694
0.717397145963230
0.116627401743705
-0.537152400587837
-0.949548708981155
-0.933580426497227
-0.495117519440207
0.168317339289753
0.755882036905452
0.999684189283299
0.787338702419492
0.214564862427682
-0.457136734733809
-0.919410138580514
-0.958708128375000
-0.555570233019659
0.104919003032766
0.717397145963125
0.997188404139993
0.812999149038545
0.249323770050730
-0.431456045680967
-0.910701685020384
-0.962738960451005
-0.561758540738309
0.104528463267584
0.722031976427836
0.998124128239275
0.800705232851292
0.222229226251535
-0.462715917044356
-0.927249221629149
-0.948309809276055
-0.514439533781490
0.167155933585449
0.768841832073339
0.999870387135964
0.747334400366352
0.132213140194445
-0.547709258075284
-0.961561797682939
-0.906602609356901
-0.408290630087860
0.290535193697692
0.847330535792465
0.987688340595133
0.641148317066507
-0.0225128452259286
-0.675622376765122
-0.994075323935991
-0.818525882220967
-0.234972470325399
0.466425237022183
0.935073359992113
0.935305149458257
0.465614520325144
-0.238914802716154
-0.823532597628452
-0.992326543809049
-0.658558128912030
0.00981731933709901
0.673786684219264
0.994885117294504
0.808092705754965
0.207527557131784
-0.499999999999907
-0.951177793649490
-0.912905430439122
-0.403505373321536
0.314986519655194
0.870892328787510
0.975110671946057
0.572110087024486
-0.129487882209785
-0.764049440375846
-0.999229036240726
-0.710523196619177
-0.0481524597205492
0.640143221568203
0.991238608249012
0.818525882220978
0.212007109922213
-0.507575958141973
-0.957772326384953
-0.897854742813519
-0.358367949545330
0.373352114251454
0.905494748452722
0.951580992011202
0.485420101795381
-0.242980179903188
-0.840661136611156
-0.983563593243501
-0.592856820161135
0.120526684457814
0.768841832073352
0.998001993695421
0.681487612701562
-0.00877016705983710
-0.694783908357600
-0.999095208553297
-0.752874577492603
-0.0905891264573003
0.622378036265950
0.990801059457844
0.809016994374962
0.176698233963740
-0.554699215611306
-0.976681647000627
-0.852092537724395
-0.249323770050839
0.494093614553710
0.959817537456940
0.884255160376136
0.308643491536909
-0.442288690218952
-0.942772504052268
-0.907484424541146
-0.355066172605177
0.400508961926089
0.927591935255716
0.923478280857681
0.389083755474031
-0.369584587417407
-0.915820367254943
-0.933580426497233
-0.411156419654238
0.350043895789169
0.908526409552517
0.938733857653894
0.421629382065120
-0.342184145417340
-0.906326226374253
-0.939453616703561
-0.420679585560748
0.346117057077484
0.909399512019895
0.935813675838524
0.408290630087983
-0.361787285773622
-0.917494496447432
-0.927445153334657
-0.384255039649075
0.388963167030764
0.929920976366697
0.913545457642598
0.348203950677731
-0.427200064706846
-0.945532780289848
-0.892900372813167
-0.299665276996302
0.475777729463878
0.962703552681890
0.863923417192881
0.238152075655994
-0.533614515915535
-0.979302369500151
-0.824718875860265
-0.163282914754941
0.599163343379662
0.992678499925044
0.773176510643640
0.0749352163453947
-0.670297109534247
-0.999667527558992
-0.707106781186563
0.0265695107927746
0.744194976125718
0.996633810627417
0.624425048846139
-0.140253232836216
-0.817245492307092
-0.979566474987441
-0.523391160753099
0.264251810421654
0.884987637462983
0.944247151793301
0.402906435713880
-0.395585576969695
-0.942115985782359
-0.886506615944820
-0.262862823298879
0.529956266807333
0.982580376640211
0.802583276334078
0.104528463267775
-0.661606382252881
-0.999812346307817
-0.689587945120885
0.0690600257141809
0.783286749228606
0.987108345506821
0.546065408120164
-0.252744885209437
-0.886385446822203
-0.938191335922545
-0.372623393380703
0.438998516525815
0.961273721971732
0.847955594881143
0.172573815955249
-0.617859613090211
-0.997918433075357
-0.713372770034375
0.0474987102038377
0.777145961456895
0.986792178643527
0.534499867270876
-0.277356574937337
-0.903035619536029
-0.920078084334668
-0.315483422034510
0.503057657253707
0.981090517443306
0.793114219070746
0.0654031292302107
-0.707384406840603
-0.997754957226853
-0.605953690610522
0.201248886216121
0.870892328787504
0.942291412569529
0.364836159016612
-0.464687508305946
-0.973668500978777
-0.809016994375025
-0.0832865150596013
0.700784767937721
0.997798575597800
0.599582468445738
-0.217504458692197
-0.883029517655536
-0.930401575463578
-0.324907978680510
0.509379389094837
0.985556059058073
0.766913195987268
0.00628314396567824
-0.759299701994006
-0.987108345506807
-0.514102744193331
0.324907978680397
0.932969241761371
0.875548862353638
0.192136598963174
-0.629320391049849
-0.999882723633814
-0.652230713301168
0.165090640531375
0.863923417192782
0.939318975683752
0.335287144598958
-0.512080343578868
-0.988334944874689
-0.746376889372248
0.0392598157588972
0.796767282117810
0.972613850604941
0.436762537339396
-0.419610513115491
-0.968420186534598
-0.805307885711178
-0.0488061886099645
0.744194976125720
0.987626832768988
0.500000000000067
-0.358734538079615
-0.951540745536484
-0.836740420709699
-0.0982776757197773
0.714014598051162
0.992944827591981
0.528401290841330
-0.332819544522910
-0.944505443046950
-0.845727821703966
-0.109343975085538
0.710062491057892
0.992960340813596
0.523837243596813
-0.343044985272254
-0.949753769131995
-0.833861738479294
-0.0821124534196632
0.732810160756903
0.987688340595149
0.485992213383287
-0.388963167030744
-0.965483996613620
-0.799055461536228
-0.0163617316266337
0.779447316056978
0.972765765373530
0.412468552072355
-0.468276832122686
-0.985556059058080
-0.735831221797316
0.0878511965506872
0.843414889128094
0.939632912697821
0.299665276996290
-0.575861700985282
-0.999264590443541
-0.636212884484799
0.228733176034469
0.913545457642525
0.876117428254619
0.144528903632130
-0.702184120323777
-0.991307631069527
-0.491473856536812
0.400508961925940
0.973188909664056
0.767836455530711
-0.0527281130985865
-0.831469612302485
-0.942510332764945
-0.295041067928411
0.590640877343613
0.999976833934668
0.600943489073277
-0.285019262469947
-0.940302977974881
-0.832050948079564
-0.0467141839509718
0.777145961456915
0.967168027684254
0.366663609641172
-0.534389230386065
-0.997754957226841
-0.641951602562749
0.242091240465430
0.927200198980253
0.847677936085153
0.0676234957309912
-0.768841832073303
-0.968485426157011
-0.364226695892005
0.543211084761205
0.998814648021923
0.621660573370314
-0.274966201437415
-0.942072088726427
-0.820251721674684
-0.0100791057691996
0.809016994374878
0.947643081906091
0.287527687034090
-0.615695858194983
-0.998839997508553
-0.536379291508980
0.381231734269033
0.975544135617433
0.740335466357767
-0.125722826422367
-0.884987637462965
-0.888437052882782
-0.131564359092274
0.738484761914828
0.975110671946054
0.373594970052568
-0.549897772224703
-0.999743598292684
-0.586513726741288
0.334177007933403
0.965925826289027
0.760150869322387
-0.106090525008348
-0.880498038671424
-0.888136448813587
-0.120786571217753
0.752529860433456
0.967698170960176
0.334793807884476
-0.592329620439420
-0.999229036240727
-0.526622002793628
0.410559713862029
0.985710819886581
0.689493141399555
-0.217504458692233
-0.932071112458141
-0.819127016515953
0.0225128452260276
0.844538279083850
0.913545457642688
0.166381534128899
-0.730043011729742
-0.972765765373550
-0.342676089131884
0.595699304492324
0.998431006284363
0.501472987330096
-0.448383216089872
-0.993417824717378
-0.639439001980707
0.294415641589246
0.961453892845037
0.754680953529105
-0.139345933222157
-0.906768252741195
-0.846564977706141
-0.0121733708488456
0.833789478190257
0.915504678217497
0.156434465040395
-0.746899360057528
-0.962738960451016
-0.290660444453334
0.650243987349916
0.990115665303306
0.412945479250263
-0.547599733701991
-0.999892532899218
-0.522163693427213
0.442288690218895
0.994562866914864
0.617859613090365
-0.337136337504215
-0.976709741843190
-0.700130811898658
0.234463499068505
0.948889783528628
0.769511029343520
-0.136104627726769
-0.913545457642548
-0.826859780880907
0.0434450198932463
0.872943363332157
0.873262454810043
0.0425295690767266
-0.829135157500741
-0.909943175604215
-0.121176385829734
0.783937321054731
0.938191335922554
0.192136598963286
-0.738925912503129
-0.959301654156826
-0.255277011531983
0.695442635009454
0.974526872786631
0.310634955262338
-0.654608882428518
-0.985041733798611
-0.358367949545295
0.617344856215792
0.991916604440346
0.398709054251373
-0.584391303118965
-0.996099033251696
-0.431928342752987
0.556331873508083
0.998401550108981
0.458300559957423
-0.533614515915454
-0.999494148321573
-0.478078793588308
0.516570690074440
0.999900071919756
0.491473856536659
-0.505431492717800
-0.999993754397467
-0.498639034186186
0.500340048818762
1